# Created by Octave 4.2.2, Mon Apr 27 11:18:32 2020 UTC <www-data@os-webtech1-4>
# name: output1
# type: matrix
# rows: 501
# columns: 1
 2.000136754175575
 2.000134987288005
 2.000133183829599
 2.000131346648518
 2.000129478507689
 2.000127582085981
 2.000125659979398
 2.000123714702296
 2.00012174868861
 2.000119764293101
 2.000117763792612
 2.000115749387338
 2.000113723202108
 2.000111687287672
 2.000109643621997
 2.000107594111574
 2.000105540592719
 2.000103484832891
 2.000101428532002
 2.000099373323734
 2.000097320776854
 2.000095272396532
 2.00009322962565
 2.000091193846115
 2.000089166380168
 2.000087148491684
 2.00008514138747
 2.000083146218557
 2.000081164081486
 2.000079196019581
 2.000077243024221
 2.000075306036096
 2.000073385946461
 2.000071483598371
 2.000069599787913
 2.000067735265425
 2.000065890736695
 2.00006406686416
 2.000062264268087
 2.000060483527734
 2.00005872518251
 2.000056989733111
 2.000055277642649
 2.000053589337755
 2.000051925209686
 2.000050285615393
 2.000048670878598
 2.000047081290833
 2.00004551711248
 2.000043978573788
 2.000042465875869
 2.000040979191688
 2.000039518667027
 2.000038084421442
 2.000036676549191
 2.000035295120156
 2.000033940180745
 2.000032611754772
 2.000031309844327
 2.000030034430627
 2.000028785474845
 2.000027562918933
 2.000026366686414
 2.00002519668317
 2.000024052798206
 2.000022934904396
 2.000021842859218
 2.000020776505471
 2.00001973567197
 2.000018720174231
 2.000017729815136
 2.000016764385583
 2.000015823665121
 2.000014907422568
 2.000014015416611
 2.000013147396393
 2.000012303102087
 2.000011482265446
 2.000010684610348
 2.000009909853322
 2.000009157704053
 2.000008427865884
 2.000007720036292
 2.000007033907359
 2.000006369166226
 2.000005725495526
 2.000005102573817
 2.000004500075988
 2.000003917673663
 2.00000335503558
 2.000002811827971
 2.000002287714918
 2.000001782358698
 2.000001295420127
 2.000000826558875
 2.000000375433782
 1.999999941703157
 1.999999525025067
 1.999999125057615
 1.999998741459204
 1.999998373888799
 1.999998022006164
 1.999997685472106
 1.999997363948696
 1.999997057099482
 1.999996764589699
 1.999996486086465
 1.999996221258965
 1.999995969778634
 1.999995731319321
 1.999995505557456
 1.999995292172198
 1.99999509084558
 1.99999490126265
 1.999994723111592
 1.999994556083857
 1.999994399874268
 1.999994254181134
 1.999994118706344
 1.999993993155466
 1.999993877237829
 1.999993770666606
 1.999993673158887
 1.999993584435751
 1.99999350422232
 1.999993432247825
 1.999993368245652
 1.999993311953388
 1.999993263112869
 1.999993221470203
 1.999993186775814
 1.999993158784462
 1.999993137255268
 1.999993121951728
 1.99999311264173
 1.999993109097566
 1.999993111095935
 1.999993118417941
 1.999993130849102
 1.999993148179336
 1.999993170202957
 1.999993196718667
 1.999993227529534
 1.999993262442983
 1.999993301270772
 1.99999334382897
 1.999993389937933
 1.999993439422277
 1.999993492110848
 1.99999354783669
 1.999993606437012
 1.999993667753152
 1.999993731630539
 1.999993797918657
 1.999993866470997
 1.999993937145024
 1.999994009802123
 1.999994084307565
 1.999994160530449
 1.999994238343663
 1.999994317623832
 1.999994398251267
 1.999994480109917
 1.999994563087313
 1.999994647074524
 1.999994731966092
 1.999994817659991
 1.999994904057563
 1.999994991063465
 1.99999507858562
 1.999995166535153
 1.99999525482634
 1.999995343376551
 1.999995432106191
 1.999995520938646
 1.999995609800228
 1.999995698620111
 1.999995787330282
 1.99999587586548
 1.99999596416314
 1.999996052163337
 1.999996139808728
 1.999996227044498
 1.999996313818301
 1.999996400080206
 1.999996485782643
 1.999996570880345
 1.999996655330293
 1.999996739091663
 1.999996822125773
 1.999996904396028
 1.999996985867866
 1.999997066508705
 1.999997146287896
 1.999997225176664
 1.999997303148061
 1.999997380176916
 1.999997456239784
 1.999997531314897
 1.999997605382114
 1.999997678422875
 1.999997750420153
 1.999997821358404
 1.999997891223528
 1.999997960002818
 1.999998027684915
 1.999998094259767
 1.999998159718585
 1.999998224053799
 1.999998287259017
 1.999998349328985
 1.999998410259543
 1.999998470047588
 1.999998528691036
 1.999998586188783
 1.999998642540663
 1.999998697747417
 1.999998751810657
 1.999998804732825
 1.999998856517165
 1.999998907167685
 1.999998956689123
 1.99999900508692
 1.999999052367181
 1.999999098536652
 1.999999143602683
 1.9999991875732
 1.999999230456681
 1.99999927226212
 1.999999312999007
 1.999999352677296
 1.99999939130738
 1.999999428900069
 1.99999946546656
 1.999999501018419
 1.999999535567549
 1.999999569126178
 1.999999601706827
 1.999999633322296
 1.999999663985639
 1.999999693710143
 1.999999722509312
 1.999999750396847
 1.999999777386624
 1.999999803492681
 1.999999828729198
 1.999999853110481
 1.999999876650943
 1.999999899365096
 1.999999921267529
 1.999999942372894
 1.999999962695894
 1.999999982251271
 2.000000001053788
 2.00000001911822
 2.000000036459345
 2.000000053091925
 2.000000069030698
 2.000000084290374
 2.000000098885611
 2.000000112831019
 2.000000126141142
 2.000000138830453
 2.000000150913344
 2.000000162404119
 2.000000173316982
 2.000000183666038
 2.000000193465278
 2.000000202728577
 2.000000211469685
 2.000000219702223
 2.000000227439678
 2.000000234695394
 2.00000024148257
 2.000000247814257
 2.000000253703349
 2.000000259162583
 2.000000264204531
 2.000000268841604
 2.00000027308604
 2.000000276949907
 2.000000280445096
 2.000000283583324
 2.000000286376125
 2.000000288834855
 2.000000290970684
 2.000000292794599
 2.000000294317399
 2.000000295549698
 2.000000296501919
 2.000000297184299
 2.000000297606883
 2.000000297779525
 2.000000297711892
 2.000000297413457
 2.000000296893505
 2.000000296161128
 2.00000029522523
 2.000000294094527
 2.000000292777542
 2.000000291282611
 2.000000289617887
 2.000000287791331
 2.000000285810721
 2.000000283683651
 2.000000281417531
 2.000000279019591
 2.00000027649688
 2.000000273856268
 2.000000271104449
 2.000000268247942
 2.00000026529309
 2.000000262246068
 2.000000259112879
 2.000000255899359
 2.000000252611176
 2.000000249253837
 2.000000245832687
 2.00000024235291
 2.000000238819533
 2.00000023523743
 2.00000023161132
 2.000000227945771
 2.000000224245205
 2.000000220513896
 2.000000216755976
 2.000000212975436
 2.000000209176124
 2.00000020536176
 2.000000201535922
 2.000000197702061
 2.000000193863498
 2.000000190023428
 2.000000186184919
 2.000000182350923
 2.000000178524267
 2.000000174707666
 2.000000170903716
 2.000000167114906
 2.000000163343613
 2.000000159592107
 2.000000155862554
 2.000000152157017
 2.000000148477462
 2.000000144825754
 2.000000141203665
 2.000000137612874
 2.000000134054969
 2.000000130531451
 2.000000127043736
 2.000000123593152
 2.000000120180951
 2.000000116808303
 2.000000113476303
 2.000000110185969
 2.000000106938248
 2.000000103734014
 2.000000100574077
 2.000000097459176
 2.000000094389989
 2.000000091367129
 2.000000088391151
 2.00000008546255
 2.000000082581766
 2.000000079749181
 2.000000076965126
 2.000000074229884
 2.000000071543684
 2.000000068906709
 2.000000066319098
 2.000000063780945
 2.000000061292298
 2.00000005885317
 2.000000056463532
 2.000000054123315
 2.000000051832418
 2.000000049590704
 2.000000047398002
 2.00000004525411
 2.000000043158794
 2.000000041111794
 2.000000039112818
 2.000000037161553
 2.000000035257659
 2.000000033400769
 2.000000031590497
 2.000000029826435
 2.000000028108153
 2.000000026435205
 2.000000024807126
 2.000000023223431
 2.000000021683623
 2.000000020187188
 2.0000000187336
 2.000000017322316
 2.000000015952788
 2.000000014624449
 2.000000013336727
 2.00000001208904
 2.000000010880795
 2.000000009711393
 2.00000000858023
 2.000000007486691
 2.00000000643016
 2.000000005410014
 2.000000004425626
 2.000000003476366
 2.0000000025616
 2.000000001680695
 2.000000000833012
 2.000000000017915
 1.999999999234763
 1.99999999848292
 1.999999997761745
 1.999999997070604
 1.99999999640886
