# Created by Octave 4.2.2, Mon Apr 27 17:21:06 2020 UTC <www-data@os-webtech1-4>
# name: output1
# type: matrix
# rows: 501
# columns: 1
 1.000068377087787
 1.000067493644003
 1.0000665919148
 1.000065673324259
 1.000064739253845
 1.00006379104299
 1.000062829989699
 1.000061857351148
 1.000060874344305
 1.000059882146551
 1.000058881896306
 1.000057874693669
 1.000056861601054
 1.000055843643836
 1.000054821810999
 1.000053797055787
 1.00005277029636
 1.000051742416445
 1.000050714266001
 1.000049686661867
 1.000048660388427
 1.000047636198266
 1.000046614812825
 1.000045596923058
 1.000044583190084
 1.000043574245842
 1.000042570693735
 1.000041573109279
 1.000040582040743
 1.000039598009791
 1.00003862151211
 1.000037653018048
 1.000036692973231
 1.000035741799185
 1.000034799893956
 1.000033867632712
 1.000032945368347
 1.00003203343208
 1.000031132134043
 1.000030241763867
 1.000029362591255
 1.000028494866556
 1.000027638821324
 1.000026794668878
 1.000025962604843
 1.000025142807696
 1.000024335439299
 1.000023540645416
 1.00002275855624
 1.000021989286894
 1.000021232937935
 1.000020489595844
 1.000019759333514
 1.000019042210721
 1.000018338274595
 1.000017647560078
 1.000016970090373
 1.000016305877386
 1.000015654922163
 1.000015017215313
 1.000014392737422
 1.000013781459466
 1.000013183343207
 1.000012598341585
 1.000012026399103
 1.000011467452198
 1.000010921429609
 1.000010388252736
 1.000009867835985
 1.000009360087115
 1.000008864907568
 1.000008382192791
 1.000007911832561
 1.000007453711284
 1.000007007708306
 1.000006573698197
 1.000006151551043
 1.000005741132723
 1.000005342305174
 1.000004954926661
 1.000004578852027
 1.000004213932942
 1.000003860018146
 1.000003516953679
 1.000003184583113
 1.000002862747763
 1.000002551286908
 1.000002250037994
 1.000001958836831
 1.00000167751779
 1.000001405913986
 1.000001143857459
 1.000000891179349
 1.000000647710063
 1.000000413279438
 1.000000187716891
 0.9999999708515784
 0.9999997625125336
 0.9999995625288074
 0.9999993707296021
 0.9999991869443994
 0.9999990110030821
 0.9999988427360532
 0.9999986819743479
 0.9999985285497408
 0.9999983822948494
 0.9999982430432323
 0.9999981106294824
 0.9999979848893168
 0.9999978656596604
 0.9999977527787278
 0.9999976460860988
 0.9999975454227901
 0.9999974506313249
 0.9999973615557962
 0.9999972780419286
 0.9999971999371341
 0.9999971270905671
 0.9999970593531722
 0.999996996577733
 0.9999969386189143
 0.9999968853333029
 0.9999968365794437
 0.9999967922178754
 0.99999675211116
 0.9999967161239123
 0.9999966841228258
 0.9999966559766942
 0.9999966315564343
 0.9999966107351014
 0.999996593387907
 0.9999965793922312
 0.999996568627634
 0.9999965609758638
 0.9999965563208649
 0.9999965545487832
 0.9999965555479673
 0.9999965592089706
 0.999996565424551
 0.9999965740896678
 0.9999965851014787
 0.9999965983593334
 0.9999966137647671
 0.9999966312214917
 0.9999966506353862
 0.9999966719144852
 0.9999966949689667
 0.9999967197111387
 0.9999967460554241
 0.9999967739183451
 0.9999968032185059
 0.9999968338765759
 0.9999968658152696
 0.9999968989593283
 0.9999969332354985
 0.9999969685725119
 0.9999970049010617
 0.9999970421537825
 0.9999970802652245
 0.9999971191718315
 0.999997158811916
 0.9999971991256335
 0.9999972400549583
 0.9999972815436566
 0.9999973235372619
 0.9999973659830462
 0.9999974088299957
 0.9999974520287813
 0.9999974955317326
 0.99999753929281
 0.9999975832675765
 0.9999976274131702
 0.9999976716882755
 0.9999977160530954
 0.9999977604693232
 0.9999978049001138
 0.9999978493100556
 0.9999978936651409
 0.9999979379327401
 0.9999979820815701
 0.9999980260816687
 0.9999980699043641
 0.9999981135222489
 0.9999981569091503
 0.9999982000401029
 0.9999982428913217
 0.9999982854401726
 0.9999983276651463
 0.9999983695458313
 0.9999984110628866
 0.9999984521980141
 0.9999984929339328
 0.9999985332543526
 0.999998573143948
 0.9999986125883319
 0.9999986515740303
 0.9999986900884579
 0.9999987281198921
 0.9999987656574483
 0.9999988026910568
 0.9999988392114375
 0.9999988752100764
 0.999998910679202
 0.9999989456117642
 0.9999989800014089
 0.9999990138424573
 0.9999990471298835
 0.9999990798592926
 0.9999991120268996
 0.9999991436295086
 0.9999991746644925
 0.9999992051297715
 0.9999992350237941
 0.9999992643455182
 0.9999992930943914
 0.9999993212703313
 0.9999993488737087
 0.9999993759053285
 0.9999994023664127
 0.9999994282585827
 0.9999994535838425
 0.9999994783445615
 0.9999995025434598
 0.9999995261835907
 0.999999549268326
 0.9999995718013414
 0.9999995937866002
 0.9999996152283405
 0.9999996361310602
 0.9999996564995037
 0.9999996763386479
 0.99999969565369
 0.9999997144500347
 0.9999997327332801
 0.9999997505092093
 0.9999997677837746
 0.9999997845630889
 0.9999998008534137
 0.9999998166611482
 0.9999998319928194
 0.9999998468550714
 0.999999861254656
 0.9999998751984234
 0.9999998886933119
 0.9999999017463405
 0.9999999143645989
 0.9999999265552403
 0.9999999383254716
 0.9999999496825482
 0.9999999606337645
 0.9999999711864469
 0.9999999813479471
 0.9999999911256353
 1.000000000526894
 1.00000000955911
 1.000000018229673
 1.000000026545962
 1.000000034515349
 1.000000042145187
 1.000000049442806
 1.00000005641551
 1.000000063070571
 1.000000069415227
 1.000000075456672
 1.000000081202059
 1.000000086658491
 1.000000091833019
 1.000000096732639
 1.000000101364289
 1.000000105734842
 1.000000109851112
 1.000000113719839
 1.000000117347697
 1.000000120741285
 1.000000123907128
 1.000000126851674
 1.000000129581291
 1.000000132102266
 1.000000134420802
 1.00000013654302
 1.000000138474953
 1.000000140222548
 1.000000141791662
 1.000000143188063
 1.000000144417428
 1.000000145485342
 1.000000146397299
 1.000000147158699
 1.000000147774849
 1.00000014825096
 1.000000148592149
 1.000000148803441
 1.000000148889763
 1.000000148855946
 1.000000148706729
 1.000000148446752
 1.000000148080564
 1.000000147612615
 1.000000147047263
 1.000000146388771
 1.000000145641306
 1.000000144808944
 1.000000143895665
 1.000000142905361
 1.000000141841825
 1.000000140708766
 1.000000139509795
 1.00000013824844
 1.000000136928134
 1.000000135552225
 1.000000134123971
 1.000000132646545
 1.000000131123034
 1.00000012955644
 1.000000127949679
 1.000000126305588
 1.000000124626919
 1.000000122916343
 1.000000121176455
 1.000000119409767
 1.000000117618715
 1.00000011580566
 1.000000113972886
 1.000000112122603
 1.000000110256948
 1.000000108377988
 1.000000106487718
 1.000000104588062
 1.00000010268088
 1.000000100767961
 1.00000009885103
 1.000000096931749
 1.000000095011714
 1.00000009309246
 1.000000091175461
 1.000000089262134
 1.000000087353833
 1.000000085451858
 1.000000083557453
 1.000000081671806
 1.000000079796053
 1.000000077931277
 1.000000076078509
 1.000000074238731
 1.000000072412877
 1.000000070601832
 1.000000068806437
 1.000000067027485
 1.000000065265726
 1.000000063521868
 1.000000061796576
 1.000000060090475
 1.000000058404152
 1.000000056738152
 1.000000055092985
 1.000000053469124
 1.000000051867007
 1.000000050287039
 1.000000048729588
 1.000000047194994
 1.000000045683564
 1.000000044195576
 1.000000042731275
 1.000000041290883
 1.00000003987459
 1.000000038482563
 1.000000037114942
 1.000000035771842
 1.000000034453355
 1.000000033159549
 1.000000031890472
 1.000000030646149
 1.000000029426585
 1.000000028231766
 1.000000027061658
 1.000000025916209
 1.000000024795352
 1.000000023699001
 1.000000022627055
 1.000000021579397
 1.000000020555897
 1.000000019556409
 1.000000018580777
 1.000000017628829
 1.000000016700384
 1.000000015795248
 1.000000014913217
 1.000000014054077
 1.000000013217603
 1.000000012403563
 1.000000011611716
 1.000000010841812
 1.000000010093594
 1.0000000093668
 1.000000008661158
 1.000000007976394
 1.000000007312224
 1.000000006668364
 1.00000000604452
 1.000000005440397
 1.000000004855697
 1.000000004290115
 1.000000003743346
 1.00000000321508
 1.000000002705007
 1.000000002212813
 1.000000001738183
