# Created by Octave 4.2.2, Mon Apr 27 17:21:06 2020 UTC <www-data@os-webtech1-4>
# name: output2
# type: matrix
# rows: 501
# columns: 1
 -1.542894200098346e-08
 -1.428267061188309e-08
 -1.317014528300276e-08
 -1.209091520907614e-08
 -1.104452115239352e-08
 -1.003049613355379e-08
 -9.048366101210002e-09
 -8.097650581099884e-09
 -7.177863304659506e-09
 -6.288512817511401e-09
 -5.429103068220237e-09
 -4.599133977485398e-09
 -3.798101988265171e-09
 -3.025500596968045e-09
 -2.280820866199028e-09
 -1.563551919250698e-09
 -8.731814167862464e-10
 -2.091960159110061e-10
 4.289181879202982e-10
 1.041675235909849e-09
 1.629588897450343e-09
 2.193172277887754e-09
 2.732937442255739e-09
 3.249395054473491e-09
 3.743054031878263e-09
 4.214421214631802e-09
 4.664001049709291e-09
 5.092295289199774e-09
 5.499802702484352e-09
 5.887018802088894e-09
 6.25443558285887e-09
 6.602541274036201e-09
 6.931820104055146e-09
 7.242752077765864e-09
 7.535812765624851e-09
 7.811473104615092e-09
 8.070199210645208e-09
 8.31245220209555e-09
 8.538688034192762e-09
 8.749357343874008e-09
 8.94490530498499e-09
 9.125771493418756e-09
 9.292389761876791e-09
 9.445188124089781e-09
 9.58458864811179e-09
 9.711007358531999e-09
 9.824854147190659e-09
 9.926532692216292e-09
 1.00164403851402e-08
 1.009496826574947e-08
 1.016250096450905e-08
 1.021941665230901e-08
 1.026608699714385e-08
 1.030287712768332e-08
 1.033014560336879e-08
 1.034824439080472e-08
 1.035751884628946e-08
 1.035830770418041e-08
 1.035094307092415e-08
 1.033575042452784e-08
 1.031304861924168e-08
 1.028314989521504e-08
 1.0246359893018e-08
 1.020297767272333e-08
 1.015329573748788e-08
 1.009760006119971e-08
 1.003617012025203e-08
 9.969278929226964e-09
 9.897193080130148e-09
 9.820172785189596e-09
 9.738471922934291e-09
 9.652338087498286e-09
 9.562012640858914e-09
 9.467730767941367e-09
 9.369721534440551e-09
 9.268207947041741e-09
 9.163407016216216e-09
 9.055529821131087e-09
 8.944781576713981e-09
 8.831361702648949e-09
 8.715463894242641e-09
 8.597276194991302e-09
 8.476981070733433e-09
 8.354755485279663e-09
 8.230770977404661e-09
 8.105193738991e-09
 7.978184694406318e-09
 7.849899580856243e-09
 7.720489029625023e-09
 7.59009864819706e-09
 7.458869103056079e-09
 7.326936203100928e-09
 7.194430983623816e-09
 7.061479790735779e-09
 6.92820436619195e-09
 6.794721932406559e-09
 6.661145277779643e-09
 6.527582842091526e-09
 6.394138801965046e-09
 6.26091315638201e-09
 6.128001812064109e-09
 5.99549666869799e-09
 5.863485704004463e-09
 5.732053058550221e-09
 5.601279120200412e-09
 5.471240608239173e-09
 5.342010657029381e-09
 5.213658899279382e-09
 5.086251548706627e-09
 4.959851482186318e-09
 4.83451832128341e-09
 4.710308513161199e-09
 4.587275410758071e-09
 4.465469352279853e-09
 4.344937739939991e-09
 4.225725117947574e-09
 4.107873249600878e-09
 3.991421193581324e-09
 3.876405379400392e-09
 3.762859681843652e-09
 3.650815494723623e-09
 3.540301803419668e-09
 3.431345256631852e-09
 3.323970237091253e-09
 3.218198931321593e-09
 3.114051398303119e-09
 3.011545637221686e-09
 2.910697654086205e-09
 2.811521527349976e-09
 2.714029472420721e-09
 2.618231905160949e-09
 2.524137504290565e-09
 2.431753272671402e-09
 2.341084597507544e-09
 2.252135309522435e-09
 2.164907740977249e-09
 2.079402782557624e-09
 1.995619939243953e-09
 1.913557384989055e-09
 1.833212016365856e-09
 1.754579505117311e-09
 1.677654349547587e-09
 1.602429924822267e-09
 1.52889853223179e-09
 1.457051447343574e-09
 1.38687896704962e-09
 1.318370455523127e-09
 1.251514389179003e-09
 1.186298400502738e-09
 1.122709320822179e-09
 1.060733222062865e-09
 1.000355457446271e-09
 9.415607011580463e-10
 8.843329870066073e-10
 8.286557459907373e-10
 7.745118430133838e-10
 7.218836124434904e-10
 6.707528928172422e-10
 6.211010605025429e-10
 5.729090624419209e-10
 5.261574478993242e-10
 4.808263993260004e-10
 4.368957622844774e-10
 3.943450744306421e-10
 3.531535937097738e-10
 3.133003255022552e-10
 2.747640490374488e-10
 2.375233429063287e-10
 2.015566096931986e-10
 1.668420998349163e-10
 1.333579346601897e-10
 1.010821285547347e-10
 6.999261044880745e-11
 4.006724444415022e-11
 1.12838497362067e-11
 -1.637978026326238e-11
 -4.294585946086095e-11
 -6.843659141583846e-11
 -9.287415231133949e-11
 -1.162806746236086e-10
 -1.386782315433602e-10
 -1.60088821918921e-10
 -1.805343559718666e-10
 -2.000366415141007e-10
 -2.186173709780876e-10
 -2.36298108840106e-10
 -2.531002797685647e-10
 -2.690451573144183e-10
 -2.841538531098034e-10
 -2.984473066697615e-10
 -3.119462757699451e-10
 -3.246713272647803e-10
 -3.366428284341783e-10
 -3.478809388520192e-10
 -3.584056027154214e-10
 -3.682365416686787e-10
 -3.773932480066679e-10
 -3.85894978440686e-10
 -3.937607482573115e-10
 -4.010093258025255e-10
 -4.076592275079343e-10
 -4.137287132015949e-10
 -4.192357819202846e-10
 -4.24198167918281e-10
 -4.286333371843632e-10
 -4.325584843111775e-10
 -4.359905296288783e-10
 -4.389461166504766e-10
 -4.414416099237642e-10
 -4.434930931136315e-10
 -4.451163674164217e-10
 -4.463269502453355e-10
 -4.471400741733341e-10
 -4.47570686180974e-10
 -4.476334470872008e-10
 -4.473427313325088e-10
 -4.467126269111781e-10
 -4.457569355474579e-10
 -4.444891730818134e-10
 -4.42922570128223e-10
 -4.41070072853449e-10
 -4.389443439867008e-10
 -4.365577640122573e-10
 -4.339224325111669e-10
 -4.310501696859069e-10
 -4.27952518061226e-10
 -4.246407443069585e-10
 -4.211258412302465e-10
 -4.174185298897338e-10
 -4.135292618317327e-10
 -4.094682214890216e-10
 -4.052453286474051e-10
 -4.008702410477987e-10
 -3.963523570967345e-10
 -3.917008186717346e-10
 -3.869245139605649e-10
 -3.820320805241069e-10
 -3.770319082846895e-10
 -3.719321426634992e-10
 -3.667406878060816e-10
 -3.614652098213951e-10
 -3.561131401021806e-10
 -3.506916787334217e-10
 -3.452077978940288e-10
 -3.396682453195104e-10
 -3.340795478188534e-10
 -3.284480148185091e-10
 -3.227797419402606e-10
 -3.170806145858657e-10
 -3.11356311603016e-10
 -3.056123088970852e-10
 -2.998538831309691e-10
 -2.94086115370715e-10
 -2.883138947650334e-10
 -2.825419222654666e-10
 -2.767747142720179e-10
 -2.710166063600973e-10
 -2.652717569871376e-10
 -2.595441511585523e-10
 -2.538376041072475e-10
 -2.481557649392516e-10
 -2.425021203064496e-10
 -2.368799980454373e-10
 -2.312925707960455e-10
 -2.257428595792079e-10
 -2.20233737368051e-10
 -2.147679326860909e-10
 -2.093480330970089e-10
 -2.039764886876505e-10
 -1.986556155578016e-10
 -1.933875992557541e-10
 -1.881744982138714e-10
 -1.830182470825099e-10
 -1.779206600436125e-10
 -1.728834341717346e-10
 -1.679081526595461e-10
 -1.629962880568851e-10
 -1.581492054149444e-10
 -1.533681654846677e-10
 -1.48654327779621e-10
 -1.440087536727446e-10
 -1.394324093711334e-10
 -1.349261689314739e-10
 -1.30490817139956e-10
 -1.261270524531718e-10
 -1.218354897763833e-10
 -1.176166632960011e-10
 -1.134710292239704e-10
 -1.093989684608433e-10
 -1.054007892927313e-10
 -1.014767299933905e-10
 -9.762696137209691e-11
 -9.385158928086395e-11
 -9.015065709455476e-11
 -8.652414808935083e-11
 -8.297198784832554e-11
 -7.949404657892631e-11
 -7.609014136269413e-11
 -7.276003840498303e-11
 -6.950345521014069e-11
 -6.632006272280777e-11
 -6.320948736079695e-11
 -6.017131311573465e-11
 -5.720508350462493e-11
 -5.431030354851847e-11
 -5.148644164276132e-11
 -4.873293140691482e-11
 -4.604917348724176e-11
 -4.343453734563995e-11
 -4.088836297403689e-11
 -3.840996256812687e-11
 -3.599862214012173e-11
 -3.365360307729147e-11
 -3.137414376149124e-11
 -2.915946101250547e-11
 -2.700875156527336e-11
 -2.492119347935169e-11
 -2.289594754160138e-11
 -2.093215856723007e-11
 -1.902895671438733e-11
 -1.718545873099706e-11
 -1.540076918803753e-11
 -1.367398167216377e-11
 -1.200417989701474e-11
 -1.039043880774436e-11
 -8.831825665223635e-12
 -7.327401062480216e-12
 -5.876219961466721e-12
 -4.477332587527524e-12
 -3.129785439062033e-12
 -1.832622114228844e-12
 -5.848842325175893e-13
 6.143877792044901e-13
 1.76615388709344e-12
 2.871373671058282e-12
