# Created by Octave 4.2.2, Mon Apr 27 11:18:33 2020 UTC <www-data@os-webtech1-4>
# name: output2
# type: matrix
# rows: 501
# columns: 1
 -3.085788400196692e-08
 -2.856534122376618e-08
 -2.634029056600552e-08
 -2.418183041815228e-08
 -2.208904230478705e-08
 -2.006099226710759e-08
 -1.809673220242e-08
 -1.619530116219977e-08
 -1.435572660931901e-08
 -1.25770256350228e-08
 -1.085820613644047e-08
 -9.198267954970796e-09
 -7.596203976530341e-09
 -6.051001193936091e-09
 -4.561641732398055e-09
 -3.127103838501395e-09
 -1.746362833572493e-09
 -4.183920318220121e-10
 8.578363758405963e-10
 2.083350471819697e-09
 3.259177794900686e-09
 4.386344555775508e-09
 5.465874884511479e-09
 6.498790108946982e-09
 7.486108063756527e-09
 8.428842429263604e-09
 9.328002099418583e-09
 1.018459057839955e-08
 1.09996054049687e-08
 1.177403760417779e-08
 1.250887116571774e-08
 1.32050825480724e-08
 1.386364020811029e-08
 1.448550415553173e-08
 1.50716255312497e-08
 1.562294620923018e-08
 1.614039842129042e-08
 1.66249044041911e-08
 1.707737606838552e-08
 1.749871468774802e-08
 1.788981060996998e-08
 1.825154298683751e-08
 1.858477952375358e-08
 1.889037624817956e-08
 1.916917729622358e-08
 1.9422014717064e-08
 1.964970829438132e-08
 1.985306538443258e-08
 2.00328807702804e-08
 2.018993653149894e-08
 2.032500192901811e-08
 2.043883330461803e-08
 2.05321739942877e-08
 2.060575425536664e-08
 2.066029120673758e-08
 2.069648878160943e-08
 2.071503769257891e-08
 2.071661540836082e-08
 2.07018861418483e-08
 2.067150084905569e-08
 2.062609723848337e-08
 2.056629979043008e-08
 2.0492719786036e-08
 2.040595534544666e-08
 2.030659147497576e-08
 2.019520012239942e-08
 2.007234024050406e-08
 1.993855785845393e-08
 1.97943861602603e-08
 1.964034557037919e-08
 1.947694384586858e-08
 1.930467617499657e-08
 1.912402528171783e-08
 1.893546153588273e-08
 1.87394430688811e-08
 1.853641589408348e-08
 1.832681403243243e-08
 1.811105964226217e-08
 1.788956315342796e-08
 1.76627234052979e-08
 1.743092778848528e-08
 1.71945523899826e-08
 1.695396214146687e-08
 1.670951097055933e-08
 1.646154195480932e-08
 1.6210387477982e-08
 1.595636938881264e-08
 1.569979916171249e-08
 1.544097805925005e-08
 1.518019729639412e-08
 1.491773820611216e-08
 1.465387240620186e-08
 1.438886196724763e-08
 1.412295958147156e-08
 1.38564087323839e-08
 1.358944386481312e-08
 1.332229055555929e-08
 1.305516568418305e-08
 1.278827760393009e-08
 1.252182631276402e-08
 1.225600362412822e-08
 1.199099333739598e-08
 1.172697140800893e-08
 1.146410611710044e-08
 1.120255824040082e-08
 1.094248121647835e-08
 1.068402131405876e-08
 1.042731779855876e-08
 1.017250309741325e-08
 9.919702964372636e-09
 9.669036642566821e-09
 9.420617026322398e-09
 9.174550821516143e-09
 8.930938704559705e-09
 8.689875479879982e-09
 8.451450235895147e-09
 8.215746499201757e-09
 7.982842387162649e-09
 7.752810758800783e-09
 7.525719363687304e-09
 7.301630989447246e-09
 7.080603606839336e-09
 6.862690513263704e-09
 6.647940474182506e-09
 6.436397862643185e-09
 6.228102796606238e-09
 6.023091274443373e-09
 5.82139530817241e-09
 5.623043054699952e-09
 5.428058944841442e-09
 5.236463810321897e-09
 5.04827500858113e-09
 4.863506545342805e-09
 4.682169195015088e-09
 4.50427061904487e-09
 4.329815481954498e-09
 4.158805565115248e-09
 3.991239878487905e-09
 3.82711476997811e-09
 3.666424032731713e-09
 3.509159010234623e-09
 3.355308699095174e-09
 3.204859849644534e-09
 3.05779706446358e-09
 2.914102894687148e-09
 2.77375793409924e-09
 2.636740911046253e-09
 2.503028778358006e-09
 2.372596801005476e-09
 2.245418641644357e-09
 2.121466444125731e-09
 2.000710914892541e-09
 1.883121402316093e-09
 1.768665974013215e-09
 1.657311491981475e-09
 1.549023686026768e-09
 1.443767224886981e-09
 1.341505785634484e-09
 1.242202121005086e-09
 1.145818124883842e-09
 1.052314895798648e-09
 9.616527986520008e-10
 8.737915245689547e-10
 7.886901488612843e-10
 7.063071874195475e-10
 6.266006510045104e-10
 5.495280980748977e-10
 4.750466858126573e-10
 4.031132193863972e-10
 3.336841996698326e-10
 2.667158693203794e-10
 2.021642571094695e-10
 1.399852208976149e-10
 8.013448888830044e-11
 2.25676994724134e-11
 -3.275956052652476e-11
 -8.58917189217219e-11
 -1.368731828316769e-10
 -1.85748304622679e-10
 -2.325613492472171e-10
 -2.773564630867203e-10
 -3.20177643837842e-10
 -3.610687119437331e-10
 -4.000732830282015e-10
 -4.372347419561752e-10
 -4.72596217680212e-10
 -5.062005595371294e-10
 -5.380903146288366e-10
 -5.683077062196068e-10
 -5.96894613339523e-10
 -6.238925515398902e-10
 -6.493426545295606e-10
 -6.732856568683566e-10
 -6.957618777040384e-10
 -7.168112054308428e-10
 -7.364730833373575e-10
 -7.547864960133358e-10
 -7.71789956881372e-10
 -7.87521496514623e-10
 -8.02018651605051e-10
 -8.153184550158685e-10
 -8.274574264031899e-10
 -8.384715638405692e-10
 -8.483963358365621e-10
 -8.572666743687264e-10
 -8.65116968622355e-10
 -8.719810592577567e-10
 -8.778922333009531e-10
 -8.828832198475283e-10
 -8.86986186227263e-10
 -8.902327348328434e-10
 -8.926539004906709e-10
 -8.942801483466682e-10
 -8.95141372361948e-10
 -8.952668941744017e-10
 -8.946854626650175e-10
 -8.934252538223561e-10
 -8.915138710949158e-10
 -8.889783461636267e-10
 -8.858451402564459e-10
 -8.821401457068979e-10
 -8.778886879734016e-10
 -8.731155280245146e-10
 -8.678448650223337e-10
 -8.621003393718138e-10
 -8.559050361224519e-10
 -8.49281488613917e-10
 -8.422516824604931e-10
 -8.348370597794676e-10
 -8.270585236634653e-10
 -8.189364429780433e-10
 -8.104906572948102e-10
 -8.017404820955974e-10
 -7.927047141934691e-10
 -7.834016373434692e-10
 -7.738490279211299e-10
 -7.640641610482139e-10
 -7.540638165693791e-10
 -7.438642853269985e-10
 -7.334813756121631e-10
 -7.229304196427902e-10
 -7.122262802043613e-10
 -7.013833574668433e-10
 -6.904155957880576e-10
 -6.793364906390207e-10
 -6.681590956377067e-10
 -6.568960296370182e-10
 -6.455594838805211e-10
 -6.341612291717313e-10
 -6.22712623206032e-10
 -6.112246177941705e-10
 -5.997077662619381e-10
 -5.8817223074143e-10
 -5.766277895300669e-10
 -5.650838445309331e-10
 -5.535494285440357e-10
 -5.420332127201947e-10
 -5.305435139742751e-10
 -5.190883023171045e-10
 -5.076752082144951e-10
 -4.963115298785032e-10
 -4.850042406128992e-10
 -4.737599960908745e-10
 -4.625851415920911e-10
 -4.514857191584157e-10
 -4.404674747361019e-10
 -4.295358653721819e-10
 -4.186960661940178e-10
 -4.07952977375301e-10
 -3.973112311156032e-10
 -3.867751985115082e-10
 -3.763489964277427e-10
 -3.660364941650198e-10
 -3.558413200872249e-10
 -3.457668683434691e-10
 -3.358163053190921e-10
 -3.259925761137702e-10
 -3.162984108298888e-10
 -3.067363309693354e-10
 -2.973086555592419e-10
 -2.880175073454892e-10
 -2.788648187422669e-10
 -2.698523378629478e-10
 -2.60981634279912e-10
 -2.522541049063435e-10
 -2.436709795527667e-10
 -2.352333265920022e-10
 -2.269420584479409e-10
 -2.187979369216867e-10
 -2.108015785854626e-10
 -2.029534599867809e-10
 -1.952539227441938e-10
 -1.877031785617279e-10
 -1.803013141891095e-10
 -1.730482961787017e-10
 -1.659439756966511e-10
 -1.589880931578526e-10
 -1.521802827253883e-10
 -1.455200768099661e-10
 -1.390069104202814e-10
 -1.326401254456155e-10
 -1.264189747215939e-10
 -1.203426262314693e-10
 -1.144101670092499e-10
 -1.086206070970369e-10
 -1.029728832855226e-10
 -9.746586281382964e-11
 -9.209834697448353e-11
 -8.686907469127991e-11
 -8.177672594807377e-11
 -7.681992513625373e-11
 -7.199724428024346e-11
 -6.730720615458295e-11
 -6.274828752298248e-11
 -5.831892202501094e-11
 -5.401750313054673e-11
 -4.984238695870339e-11
 -4.579189508320276e-11
 -4.186431713446015e-11
 -3.805791342877465e-11
 -3.437091746199411e-11
 -3.080153837607506e-11
 -2.734796334432753e-11
 -2.400835979402948e-11
 -2.078087761548872e-11
 -1.766365133044727e-11
 -1.465480212496043e-11
 -1.175243992293344e-11
 -8.954665175055047e-12
 -6.259570878124066e-12
 -3.665244228457688e-12
 -1.169768465035179e-12
 1.22877555840898e-12
 3.53230777418688e-12
 5.742747342116564e-12
 7.862011118086459e-12
