# Created by Octave 4.2.2, Mon Apr 27 13:26:32 2020 UTC <www-data@os-webtech1-4>
# name: output2
# type: matrix
# rows: 201
# columns: 1
 0.0002259998773350355
 0.0002232830877724121
 0.0002200309828328771
 0.0002162981729715574
 0.0002121364504122508
 0.0002075948431526052
 0.0002027196739376493
 0.0001975546235971556
 0.0001921407981769138
 0.0001865167993275844
 0.0001807187974472366
 0.000174780607105629
 0.0001687337643088149
 0.0001626076051923775
 0.0001564293457604025
 0.0001502241623148014
 0.0001440152722463027
 0.0001378240148838562
 0.0001316699321237819
 0.0001255708485833895
 0.0001195429510462663
 0.0001136008669876329
 0.0001077577419886927
 0.000102025315868115
 9.641399737715661e-05
 9.093293732229807e-05
 8.559009999573042e-05
 8.039233280933422e-05
 7.534543404268818e-05
 7.045421862895626e-05
 6.572258191563443e-05
 6.115356134899635e-05
 5.674939604233264e-05
 5.25115841983996e-05
 4.844093836639529e-05
 4.453763852240236e-05
 4.080128297078919e-05
 3.723093707153069e-05
 3.38251798053385e-05
 3.058214819496446e-05
 2.749957960667543e-05
 2.457485196123016e-05
 2.180502188831035e-05
 1.918686086264249e-05
 1.671688936369028e-05
 1.439140910412112e-05
 1.220653337509828e-05
 1.015821555896967e-05
 8.242275861942983e-06
 6.45442632108556e-06
 4.790294141555906e-06
 3.245443420823307e-06
 1.815395317721763e-06
 4.956467245971485e-07
 -7.183124988430212e-07
 -1.830983671183978e-06
 -2.846844755936134e-06
 -3.770337090754777e-06
 -4.605853321373171e-06
 -5.35772648313157e-06
 -6.030220173560558e-06
 -6.627519760493694e-06
 -7.153724571204445e-06
 -7.612841009089349e-06
 -8.008776545727347e-06
 -8.345334537401133e-06
 -8.626209816474384e-06
 -8.854985009479344e-06
 -9.035127535212545e-06
 -9.169987237635235e-06
 -9.262794609925934e-06
 -9.316659567503577e-06
 -9.334570729553626e-06
 -9.31939517003974e-06
 -9.273878600817714e-06
 -9.200645951019243e-06
 -9.102202308566149e-06
 -8.980934191007983e-06
 -8.839111114659209e-06
 -8.678887432396476e-06
 -8.502304411964895e-06
 -8.311292528286746e-06
 -8.107673944407479e-06
 -7.893165157500659e-06
 -7.669379787363095e-06
 -7.437831486441226e-06
 -7.199936951630265e-06
 -6.957019019291494e-06
 -6.710309826289673e-06
 -6.460954020931498e-06
 -6.21001200888302e-06
 -5.958463220163968e-06
 -5.707209384541584e-06
 -5.457077803416865e-06
 -5.208824607493001e-06
 -4.963137990317279e-06
 -4.720641408679366e-06
 -4.481896741764801e-06
 -4.247407401673786e-06
 -4.017621388775761e-06
 -3.792934285991312e-06
 -3.5736921868805e-06
 -3.360194552940593e-06
 -3.15269699626558e-06
 -2.951413984160489e-06
 -2.756521462934924e-06
 -2.568159398568665e-06
 -2.386434232375806e-06
 -2.211421250317841e-06
 -2.043166864924839e-06
 -1.88169080923839e-06
 -1.726988242509164e-06
 -1.579031767649092e-06
 -1.437773360864897e-06
 -1.303146214028106e-06
 -1.175066490676641e-06
 -1.053434996737407e-06
 -9.381387671494879e-07
 -8.290525700706264e-07
 -7.260403300686502e-07
 -6.289564722095076e-07
 -5.376471888564327e-07
 -4.519516312098681e-07
 -3.717030276594036e-07
 -2.967297311924633e-07
 -2.268561979795747e-07
 -1.61903899485033e-07
 -1.016921704205531e-07
 -4.603899489072361e-08
 5.238266907042766e-09
 5.232220901332796e-08
 9.539476480274756e-08
 1.346366442916969e-07
 1.702268215067471e-07
 2.023420693914035e-07
 2.311565401071081e-07
 2.568413883588527e-07
 2.795644355770011e-07
 2.994898727071149e-07
 3.167779995226494e-07
 3.31584998358031e-07
 3.440627401908591e-07
 3.543586211442185e-07
 3.626154274696813e-07
 3.689712271201517e-07
 3.735592861570103e-07
 3.765080082360206e-07
 3.779408954893149e-07
 3.779765291866966e-07
 3.767285686739896e-07
 3.743057670653471e-07
 3.708120022739847e-07
 3.663463220351937e-07
 3.610030016240606e-07
 3.548716130674645e-07
 3.480371046360453e-07
 3.405798895197987e-07
 3.325759426568708e-07
 3.240969047579867e-07
 3.152101924717987e-07
 3.05979113952165e-07
 2.964629888975445e-07
 2.867172723616807e-07
 2.767936815271932e-07
 2.667403248730882e-07
 2.566018330457664e-07
 2.464194908124995e-07
 2.362313696498142e-07
 2.260724604151443e-07
 2.159748056368427e-07
 2.059676310270375e-07
 1.960774758356931e-07
 1.863283217024003e-07
 1.767417196520127e-07
 1.67336915012084e-07
 1.581309699641431e-07
 1.491388835102303e-07
 1.403737086395906e-07
 1.318466665845008e-07
 1.235672579431857e-07
 1.155433706212516e-07
 1.077813844285735e-07
 1.002862722414288e-07
 9.306169776804318e-08
 8.611010970591138e-08
 7.943283240885446e-08
 7.30301529285049e-08
 6.690140453777249e-08
 6.104504663567711e-08
 5.545874114110116e-08
 5.0139425354645e-08
 4.508338133715761e-08
 4.028630186392324e-08
 3.574335299960651e-08
 3.14492333945704e-08
 2.739823026440269e-08
 2.358427230245153e-08
 2.000097940740853e-08
 1.664170945839261e-08
 1.349960215835111e-08
 1.056762004292278e-08


