# Created by Octave 4.2.2, Mon Apr 27 13:26:32 2020 UTC <www-data@os-webtech1-4>
# name: output1
# type: matrix
# rows: 201
# columns: 1
 4.998865015043758
 4.998977360905706
 4.999084023298497
 4.999185103631391
 4.999280713969382
 4.99937097578578
 4.999456018784491
 4.999535979790317
 4.999611001705494
 4.999681232530599
 4.999746824447926
 4.999807932965315
 4.999864716118457
 4.999917333729564
 4.999965946720382
 5.000010716477393
 5.000051804267154
 5.000089370699643
 5.000123575237536
 5.000154575749322
 5.000182528104222
 5.00020758580686
 5.000229899669693
 5.000249617521254
 5.000266883948237
 5.000281840069595
 5.000294623340761
 5.000305367386241
 5.000314201858813
 5.000321252323644
 5.000326640165705
 5.000330482518878
 5.000332892215246
 5.000333977753089
 5.000333843282161
 5.000332588604914
 5.000330309192342
 5.000327096213212
 5.000323036575496
 5.000318212978867
 5.000312703977166
 5.00030658404985
 5.000299923681411
 5.000292789447872
 5.000285244109477
 5.000277346708765
 5.00026915267326
 5.000260713922033
 5.000252078975489
 5.000243293067722
 5.000234398260859
 5.000225433560835
 5.000216435034103
 5.000207435924795
 5.000198466771905
 5.000189555526096
 5.000180727665772
 5.000172006312065
 5.000163412342445
 5.000154964502696
 5.000146679516975
 5.000138572195778
 5.000130655541582
 5.000122940852026
 5.000115437820451
 5.000108154633701
 5.000101098067059
 5.000094273576233
 5.000087685386326
 5.000081336577733
 5.000075229168914
 5.000069364196035
 5.00006374178944
 5.000058361246976
 5.000053221104165
 5.000048319201237
 5.00004365274707
 5.000039218380063
 5.000035012225972
 5.000031029952789
 5.000027266822695
 5.000023717741156
 5.000020377303237
 5.000017239837187
 5.000014299445387
 5.000011550042724
 5.000008985392479
 5.000006599139801
 5.000004384842861
 5.000002336001763
 5.00000044608529
 4.999998708555592
 4.999997116890872
 4.999995664606178
 4.999994345272379
 4.999993152533396
 4.999992080121801
 4.99999112187282
 4.999990271736872
 4.999989523790682
 4.999988872247068
 4.999988311463463
 4.999987835949264
 4.999987440372054
 4.999987119562795
 4.999986868520033
 4.999986682413201
 4.999986556585069
 4.999986486553409
 4.999986468011931
 4.999986496830553
 4.999986569055034
 4.999986680906066
 4.999986828777828
 4.999987009236071
 4.999987219015797
 4.999987455018528
 4.999987714309245
 4.99998799411303
 4.999988291811421
 4.999988604938552
 4.999988931177078
 4.999989268353931
 4.999989614435939
 4.999989967525319
 4.999990325855085
 4.999990687784381
 4.999991051793773
 4.999991416480509
 4.99999178055377
 4.999992142829926
 4.999992502227824
 4.9999928577641
 4.999993208548553
 4.999993553779571
 4.999993892739637
 4.999994224790908
 4.99999454937089
 4.999994865988211
 4.99999517421849
 4.999995473700322
 4.999995764131374
 4.999996045264599
 4.99999631690457
 4.999996578903941
 4.99999683116003
 4.999997073611528
 4.99999730623534
 4.99999752904355
 4.999997742080518
 4.999997945420099
 4.999998139162988
 4.999998323434201
 4.999998498380665
 4.999998664168937
 4.999998820983041
 4.999998969022424
 4.999999108500023
 4.999999239640444
 4.999999362678254
 4.999999477856369
 4.99999958542456
 4.999999685638039
 4.999999778756158
 4.99999986504119
 4.999999944757203
 5.00000001816902
 5.00000008554126
 5.000000147137457
 5.000000203219254
 5.000000254045675
 5.000000299872458
 5.000000340951455
 5.000000377530097
 5.000000409850915
 5.000000438151116
 5.000000462662216
 5.000000483609714
 5.000000501212822
 5.000000515684235
 5.000000527229936
 5.00000053604905
 5.000000542333725
 5.000000546269049
 5.000000548032999
 5.000000547796414
 5.000000545723004
 5.000000541969368
 5.000000536685048
 5.000000530012593
 5.00000052208765
 5.000000513039063
 5.000000502988989
 5.000000492053034
 5.000000480340391
 5.000000467953992
 5.000000454990671
 5.00000044154133
 5.000000427691116
 5.000000413519603
 5.000000399100969


