# Created by Octave 4.2.2, Mon Apr 27 17:48:45 2020 UTC <www-data@os-webtech1-4>
# name: output1
# type: matrix
# rows: 201
# columns: 1
 24.99432507521883
 24.99488680452857
 24.99542011649252
 24.99592551815699
 24.99640356984694
 24.99685487892893
 24.99728009392249
 24.99767989895162
 24.9980550085275
 24.99840616265303
 24.99873412223966
 24.9990396648266
 24.9993235805923
 24.99958666864784
 24.99982973360192
 25.00005358238698
 25.00025902133578
 25.00044685349823
 25.0006178761877
 25.00077287874663
 25.00091264052113
 25.00103792903431
 25.00114949834849
 25.00124808760629
 25.00133441974121
 25.001409200348
 25.00147311670383
 25.00152683693123
 25.00157100929409
 25.00160626161824
 25.00163320082855
 25.00165241259441
 25.00166446107625
 25.00166988876547
 25.00166921641083
 25.00166294302459
 25.00165154596174
 25.00163548106609
 25.0016151828775
 25.00159106489435
 25.00156351988584
 25.00153292024926
 25.00149961840707
 25.00146394723938
 25.0014262205474
 25.00138673354385
 25.00134576336632
 25.00130356961018
 25.00126039487746
 25.00121646533862
 25.0011719913043
 25.00112716780419
 25.00108217517053
 25.00103717962399
 25.00099233385953
 25.00094777763049
 25.00090363832888
 25.00086003156034
 25.00081706171224
 25.0007748225135
 25.00073339758489
 25.0006928609789
 25.00065327770793
 25.00061470426015
 25.00057718910227
 25.00054077316853
 25.00050549033531
 25.00047136788118
 25.00043842693165
 25.00040668288868
 25.00037614584458
 25.00034682098018
 25.00031870894721
 25.00029180623489
 25.00026610552084
 25.0002415960062
 25.00021826373537
 25.00019609190034
 25.00017506112988
 25.00015514976397
 25.00013633411349
 25.0001185887058
 25.0001018865162
 25.00008619918595
 25.00007149722695
 25.00005775021364
 25.00004492696241
 25.00003299569903
 25.00002192421433
 25.00001168000885
 25.00000223042648
 24.99999354277799
 24.99998558445439
 24.99997832303093
 24.99997172636193
 24.99996576266702
 24.99996040060904
 24.99995560936413
 24.99995135868439
 24.99994761895345
 24.99994436123537
 24.99994155731735
 24.99993917974636
 24.99993720186031
 24.99993559781402
 24.99993434260021
 24.99993341206605
 24.99993278292539
 24.99993243276709
 24.9999323400597
 24.99993248415281
 24.99993284527521
 24.99993340453037
 24.99993414388917
 24.9999350461804
 24.99993609507903
 24.99993727509268
 24.99993857154627
 24.99993997056519
 24.99994145905714
 24.9999430246928
 24.99994465588543
 24.99994634176969
 24.99994807217973
 24.99994983762663
 24.99995162927546
 24.99995343892194
 24.9999552589689
 24.99995708240258
 24.99995890276888
 24.99996071414966
 24.99996251113915
 24.99996428882052
 24.99996604274278
 24.99996776889787
 24.9999694636982
 24.99997112395455
 24.99997274685446
 24.99997432994107
 24.99997587109247
 24.99997736850163
 24.99997882065689
 24.99998022632301
 24.99998158452287
 24.99998289451973
 24.99998415580017
 24.99998536805766
 24.99998653117672
 24.99998764521778
 24.99998871040262
 24.99998972710052
 24.99999069581498
 24.99999161717104
 24.99999249190336
 24.99999332084472
 24.99999410491523
 24.99999484511215
 24.99999554250014
 24.99999619820225
 24.9999968133913
 24.99999738928188
 24.99999792712283
 24.99999842819023
 24.99999889378082
 24.99999932520598
 24.99999972378605
 25.00000009084514
 25.00000042770634
 25.00000073568732
 25.00000101609631
 25.00000127022842
 25.00000149936234
 25.00000170475732
 25.00000188765054
 25.00000204925463
 25.00000219075563
 25.00000231331112
 25.00000241804861
 25.00000250606415
 25.00000257842121
 25.00000263614972
 25.00000268024528
 25.00000271166866
 25.00000273134528
 25.00000274016502
 25.0000027389821
 25.00000272861505
 25.00000270984686
 25.00000268342526
 25.00000265006299
 25.00000261043827
 25.00000256519533
 25.00000251494497
 25.0000024602652
 25.00000240170198
 25.00000233976998
 25.00000227495337
 25.00000220770666
 25.0000021384556
 25.00000206759803
 25.00000199550486


