# Created by Octave 4.2.2, Mon Apr 27 17:48:45 2020 UTC <www-data@os-webtech1-4>
# name: output2
# type: matrix
# rows: 201
# columns: 1
 0.001129999386676614
 0.001116415438863344
 0.001100154914165541
 0.001081490864858828
 0.001060682252062156
 0.001037974215763821
 0.001013598369688951
 0.000987773117986368
 0.0009607039908851311
 0.0009325839966384808
 0.0009035939872366894
 0.0008739030355286032
 0.0008436688215444216
 0.0008130380259620679
 0.0007821467288019746
 0.0007511208115737467
 0.000720076361231059
 0.0006891200744186393
 0.0006583496606180766
 0.0006278542429160316
 0.0005977147552303774
 0.0005680043349371861
 0.0005387887099424782
 0.0005101265793396176
 0.000482069986884881
 0.0004546646866107062
 0.0004279504999780415
 0.0004019616640462825
 0.0003767271702132674
 0.0003522710931448542
 0.0003286129095784324
 0.0003057678067453912
 0.0002837469802121073
 0.0002625579209924872
 0.0002422046918324761
 0.0002226881926124941
 0.000204006414854449
 0.0001861546853581669
 0.0001691258990272337
 0.0001529107409753983
 0.0001374978980339808
 0.0001228742598066712
 0.0001090251094419403
 9.593430431352468e-05
 8.358444681871857e-05
 7.195704552083459e-05
 6.103266687572384e-05
 5.079107779509817e-05
 4.121137930990226e-05
 3.227213160560127e-05
 2.395147070792525e-05
 1.62272171041894e-05
 9.076976588667796e-06
 2.478233623010029e-06
 -3.59156249418735e-06
 -9.154918355902542e-06
 -1.423422377966332e-05
 -1.885168545368021e-05
 -2.302926660667504e-05
 -2.678863241532825e-05
 -3.015110086734829e-05
 -3.313759880191336e-05
 -3.576862285545324e-05
 -3.806420504486041e-05
 -4.004388272804693e-05
 -4.172667268635688e-05
 -4.313104908168497e-05
 -4.427492504664732e-05
 -4.51756376752821e-05
 -4.584993618736433e-05
 -4.631397304878659e-05
 -4.658329783668869e-05
 -4.667285364699791e-05
 -4.659697584952216e-05
 -4.636939300343978e-05
 -4.600322975446824e-05
 -4.551101154216808e-05
 -4.490467095434603e-05
 -4.419555557255705e-05
 -4.339443716114277e-05
 -4.251152205893283e-05
 -4.155646264049351e-05
 -4.053836972107983e-05
 -3.946582578652491e-05
 -3.834689893582321e-05
 -3.71891574312555e-05
 -3.599968475723192e-05
 -3.478509509551031e-05
 -3.35515491304561e-05
 -3.23047701035889e-05
 -3.105006004318345e-05
 -2.979231609942512e-05
 -2.853604692117095e-05
 -2.728538901543287e-05
 -2.604412303573722e-05
 -2.48156899498031e-05
 -2.360320704160312e-05
 -2.240948370703377e-05
 -2.123703700662727e-05
 -2.008810694217877e-05
 -1.896467142828429e-05
 -1.786846093279615e-05
 -1.680097276322845e-05
 -1.576348497996094e-05
 -1.475706991946324e-05
 -1.378260731338399e-05
 -1.284079699158391e-05
 -1.193217116060574e-05
 -1.105710625025347e-05
 -1.021583432327111e-05
 -9.408454044859682e-06
 -8.634941211185798e-06
 -7.895158836826455e-06
 -7.188866802898541e-06
 -6.5157310688152e-06
 -5.875332452220938e-06
 -5.267174982614975e-06
 -4.690693834796811e-06
 -4.14526284948924e-06
 -3.630201649562625e-06
 -3.144782360339771e-06
 -2.688235943654194e-06
 -2.259758155445657e-06
 -1.858515137731498e-06
 -1.483648655445369e-06
 -1.134280989412151e-06
 -8.095194969914843e-07
 -5.084608517003097e-07
 -2.301949741101428e-07
 2.619133478154456e-08
 2.616110452435816e-07
 4.769738240900656e-07
 6.731832214584843e-07
 8.51134107360263e-07
 1.011710346596195e-06
 1.155782699963082e-06
 1.284206941024046e-06
 1.397822176937846e-06
 1.497449362439229e-06
 1.583889996423227e-06
 1.657924990558501e-06
 1.720313699757337e-06
 1.771793104649033e-06
 1.813077136439412e-06
 1.844856134830541e-06
 1.867796430174429e-06
 1.882540040729075e-06
 1.889704477106569e-06
 1.889882645725316e-06
 1.883642843314437e-06
 1.871528835462044e-06
 1.854060011657888e-06
 1.831731610626997e-06
 1.80501500876562e-06
 1.774358066114479e-06
 1.740185524054527e-06
 1.702899448480233e-06
 1.662879714176002e-06
 1.620484524650356e-06
 1.576050963222886e-06
 1.529895570576145e-06
 1.482314945261409e-06
 1.433586362536987e-06
 1.38396840836108e-06
 1.333701625180761e-06
 1.283009166144766e-06
 1.232097455089454e-06
 1.181156849397458e-06
 1.130362303355947e-06
 1.079874029613626e-06
 1.029838156654805e-06
 9.803873807778807e-07
 9.316416101773362e-07
 8.83708600019073e-07
 8.366845769408604e-07
 7.906548517983003e-07
 7.456944196015947e-07
 7.018685452414575e-07
 6.592333348792723e-07
 6.178362915026936e-07
 5.777168546744482e-07
 5.389069234473798e-07
 5.014313622792033e-07
 4.653084896694137e-07
 4.30550549143649e-07
 3.971641624467281e-07
 3.65150764902733e-07
 3.345070228033542e-07
 3.052252331298133e-07
 2.77293705497339e-07
 2.506971263915858e-07
 2.254169061133293e-07
 2.014315085702156e-07
 1.787167641237319e-07
 1.572461660603874e-07
 1.369911504928156e-07
 1.17921360801021e-07
 1.000048964056033e-07
 8.320854671950428e-08
 6.749801020888846e-08
 5.283809957623564e-08


