# Created by Octave 4.2.2, Mon Apr 27 11:18:20 2020 UTC <www-data@os-webtech1-4>
# name: output1
# type: matrix
# rows: 401
# columns: 1
 1.998594223422465
 1.998612892543391
 1.998631313732973
 1.998649490283812
 1.99866742544478
 1.998685122421605
 1.998702584377442
 1.998719814433437
 1.998736815669288
 1.998753591123792
 1.998770143795392
 1.998786476642709
 1.998802592585073
 1.998818494503045
 1.998834185238931
 1.99884966759729
 1.998864944345437
 1.998880018213935
 1.998894891897085
 1.998909568053405
 1.99892404930611
 1.998938338243576
 1.998952437419806
 1.998966349354884
 1.998980076535426
 1.998993621415027
 1.999006986414696
 1.999020173923291
 1.999033186297945
 1.999046025864486
 1.999058694917858
 1.999071195722525
 1.999083530512877
 1.999095701493634
 1.999107710840235
 1.999119560699227
 1.999131253188654
 1.999142790398427
 1.999154174390706
 1.999165407200264
 1.999176490834852
 1.999187427275555
 1.999198218477152
 1.999208866368461
 1.999219372852682
 1.999229739807744
 1.999239969086634
 1.999250062517733
 1.999260021905136
 1.999269849028985
 1.999279545645777
 1.999289113488685
 1.999298554267861
 1.999307869670751
 1.999317061362387
 1.99932613098569
 1.999335080161763
 1.999343910490182
 1.999352623549276
 1.999361220896416
 1.999369704068292
 1.999378074581183
 1.999386333931234
 1.999394483594719
 1.999402525028308
 1.999410459669325
 1.999418288936007
 1.999426014227755
 1.999433636925387
 1.999441158391382
 1.999448579970126
 1.99945590298815
 1.99946312875437
 1.999470258560317
 1.999477293680372
 1.999484235371991
 1.999491084875931
 1.999497843416471
 1.999504512201631
 1.999511092423389
 1.999517585257892
 1.999523991865669
 1.999530313391835
 1.999536550966299
 1.999542705703964
 1.999548778704926
 1.999554771054673
 1.999560683824277
 1.999566518070584
 1.999572274836408
 1.99957795515071
 1.99958356002879
 1.999589090472463
 1.999594547470238
 1.9995999319975
 1.999605245016676
 1.999610487477417
 1.999615660316757
 1.99962076445929
 1.999625800817328
 1.99963077029107
 1.999635673768759
 1.99964051212684
 1.999645286230123
 1.999649996931928
 1.999654645074246
 1.999659231487885
 1.999663756992621
 1.999668222397339
 1.999672628500188
 1.999676976088711
 1.999681265939998
 1.999685498820814
 1.999689675487745
 1.999693796687327
 1.999697863156182
 1.999701875621151
 1.999705834799421
 1.999709741398654
 1.999713596117115
 1.999717399643797
 1.999721152658541
 1.999724855832159
 1.999728509826558
 1.99973211529485
 1.999735672881477
 1.999739183222321
 1.999742646944821
 1.99974606466808
 1.999749437002982
 1.999752764552298
 1.999756047910793
 1.999759287665335
 1.999762484394996
 1.99976563867116
 1.999768751057621
 1.999771822110686
 1.999774852379275
 1.999777842405018
 1.999780792722352
 1.999783703858615
 1.999786576334143
 1.999789410662363
 1.999792207349882
 1.999794966896579
 1.999797689795695
 1.99980037653392
 1.999803027591482
 1.99980564344223
 1.999808224553721
 1.999810771387303
 1.999813284398195
 1.999815764035574
 1.999818210742648
 1.999820624956743
 1.999823007109374
 1.999825357626326
 1.999827676927731
 1.99982996542814
 1.9998322235366
 1.999834451656724
 1.999836650186767
 1.999838819519692
 1.999840960043246
 1.999843072140027
 1.999845156187549
 1.999847212558315
 1.999849241619881
 1.999851243734921
 1.999853219261291
 1.999855168552098
 1.999857091955757
 1.999858989816058
 1.999860862472223
 1.999862710258971
 1.999864533506574
 1.99986633254092
 1.999868107683568
 1.999869859251806
 1.99987158755871
 1.999873292913197
 1.999874975620081
 1.999876635980129
 1.999878274290115
 1.999879890842868
 1.999881485927331
 1.99988305982861
 1.999884612828023
 1.999886145203153
 1.999887657227897
 1.999889149172513
 1.999890621303671
 1.999892073884501
 1.999893507174636
 1.999894921430262
 1.999896316904162
 1.999897693845765
 1.999899052501183
 1.999900393113263
 1.999901715921625
 1.999903021162709
 1.999904309069812
 1.999905579873135
 1.999906833799821
 1.999908071073997
 1.999909291916813
 1.999910496546482
 1.999911685178319
 1.999912858024781
 1.999914015295501
 1.99991515719733
 1.999916283934371
 1.999917395708018
 1.999918492716988
 1.99991957515736
 1.99992064322261
 1.999921697103644
 1.999922736988831
 1.999923763064042
 1.999924775512675
 1.999925774515698
 1.99992676025167
 1.999927732896782
 1.999928692624885
 1.999929639607521
 1.999930574013952
 1.999931496011194
 1.999932405764046
 1.999933303435116
 1.999934189184853
 1.999935063171577
 1.999935925551504
 1.999936776478775
 1.999937616105484
 1.999938444581708
 1.999939262055526
 1.999940068673056
 1.99994086457847
 1.999941649914029
 1.999942424820104
 1.999943189435202
 1.999943943895989
 1.999944688337318
 1.99994542289225
 1.999946147692079
 1.999946862866357
 1.999947568542912
 1.999948264847878
 1.999948951905712
 1.999949629839219
 1.999950298769572
 1.999950958816335
 1.999951610097486
 1.999952252729434
 1.999952886827044
 1.999953512503653
 1.999954129871096
 1.999954739039719
 1.999955340118406
 1.999955933214594
 1.999956518434293
 1.999957095882104
 1.999957665661241
 1.999958227873545
 1.999958782619506
 1.999959329998281
 1.999959870107706
 1.999960403044322
 1.999960928903384
 1.999961447778886
 1.99996195976357
 1.999962464948949
 1.99996296342532
 1.99996345528178
 1.999963940606243
 1.999964419485456
 1.999964892005015
 1.999965358249377
 1.999965818301878
 1.999966272244749
 1.999966720159126
 1.999967162125071
 1.99996759822158
 1.9999680285266
 1.999968453117045
 1.999968872068806
 1.999969285456765
 1.999969693354813
 1.999970095835856
 1.999970492971834
 1.999970884833731
 1.999971271491588
 1.999971653014516
 1.99997202947071
 1.999972400927456
 1.999972767451148
 1.9999731291073
 1.999973485960553
 1.999973838074691
 1.999974185512652
 1.999974528336535
 1.999974866607617
 1.999975200386362
 1.999975529732428
 1.999975854704682
 1.999976175361211
 1.999976491759328
 1.999976803955586
 1.999977112005787
 1.999977415964993
 1.999977715887531
 1.999978011827012
 1.99997830383633
 1.99997859196768
 1.999978876272562
 1.999979156801792
 1.999979433605513
 1.9999797067332
 1.999979976233672
 1.9999802421551
 1.999980504545013
 1.999980763450313
 1.999981018917275
 1.999981270991562
 1.999981519718229
 1.999981765141734
 1.999982007305943
 1.999982246254142
 1.999982482029039
 1.999982714672777
 1.999982944226938
 1.999983170732554
 1.999983394230109
 1.999983614759552
 1.9999838323603
 1.999984047071247
 1.99998425893077
 1.999984467976738
 1.999984674246514
 1.999984877776968
 1.999985078604478
 1.99998527676494
 1.999985472293774
 1.999985665225929
 1.999985855595888
 1.999986043437679
 1.999986228784877
 1.99998641167061
 1.999986592127567
 1.999986770188004
 1.999986945883747
 1.999987119246199
 1.999987290306347
 1.999987459094767
 1.999987625641628
 1.999987789976698
 1.99998795212935
 1.999988112128569
 1.999988270002951
 1.999988425780715
 1.999988579489706
 1.999988731157397
 1.999988880810896
 1.999989028476954
 1.999989174181964
 1.999989317951969
 1.999989459812666
 1.999989599789413
 1.999989737907227
 1.999989874190797
 1.999990008664482
 1.999990141352317
 1.999990272278019
 1.99999040146499
 1.99999052893632
 1.999990654714794
 1.999990778822893
 1.999990901282801
 1.999991022116405
 1.999991141345305
 1.99999125899081
 1.999991375073948
 1.999991489615469
 1.999991602635845
 1.999991714155277
 1.9999918241937
 1.99999193277078
 1.999992039905925
 1.999992145618284
 1.999992249926752
 1.999992352849973
 1.999992454406345
 1.999992554614018
 1.999992653490904
 1.999992751054677
 1.999992847322774
 1.999992942312403
 1.999993036040542
 1.999993128523945
 1.99999321977914
 1.999993309822441


