# Created by Octave 4.2.2, Mon Apr 27 11:18:20 2020 UTC <www-data@os-webtech1-4>
# name: output2
# type: matrix
# rows: 401
# columns: 1
 0.006711291858991775
 0.006622163955414262
 0.006534219696262777
 0.006447443362396221
 0.006361819443427397
 0.006277332634951449
 0.006193967835812053
 0.00611171014539913
 0.006030544860987419
 0.005950457475108362
 0.005871433672955728
 0.005793459329829886
 0.005716520508609602
 0.00564060345726336
 0.00556569460639178
 0.005491780566798443
 0.005418848127102915
 0.005346884251371087
 0.005275876076793917
 0.005205810911382169
 0.005136676231701554
 0.005068459680630077
 0.005001149065154031
 0.004934732354185289
 0.004869197676413251
 0.004804533318180315
 0.004740727721391558
 0.004677769481444383
 0.00461564734519504
 0.004554350208943347
 0.004493867116449834
 0.004434187256977751
 0.004375299963359058
 0.004317194710089289
 0.004259861111445495
 0.004203288919630399
 0.004147468022940526
 0.004092388443958761
 0.004038040337770443
 0.003984413990204327
 0.00393149981609664
 0.003879288357577337
 0.003827770282379905
 0.003776936382172469
 0.003726777570911555
 0.003677284883220722
 0.00362844947278651
 0.00358026261077482
 0.003532715684274823
 0.003485800194757971
 0.003439507756556992
 0.00339383009536931
 0.003348759046778671
 0.003304286554793645
 0.003260404670408779
 0.003217105550183064
 0.003174381454840169
 0.003132224747881995
 0.003090627894227538
 0.003049583458860639
 0.003009084105507487
 0.002969122595319451
 0.002929691785584332
 0.002890784628445608
 0.002852394169645223
 0.002814513547278796
 0.002777135990570834
 0.002740254818662802
 0.002703863439421639
 0.002667955348258033
 0.00263252412696513
 0.002597563442574558
 0.002563067046217782
 0.002529028772016328
 0.002495442535974668
 0.002462302334894861
 0.002429602245302753
 0.002397336422389706
 0.002365499098969881
 0.00233408458444373
 0.002303087263788139
 0.002272501596545684
 0.002242322115840967
 0.002212543427398295
 0.00218316020858067
 0.002154167207435886
 0.002125559241760389
 0.002097331198171126
 0.002069478031193839
 0.002041994762356225
 0.00201487647930465
 0.001988118334922628
 0.001961715546463072
 0.001935663394696974
 0.001909957223066527
 0.00188459243685557
 0.001859564502366684
 0.001834868946111179
 0.001810501354009286
 0.00178645737060279
 0.001762732698273872
 0.001739323096478174
 0.001716224380988507
 0.001693432423143904
 0.001670943149113757
 0.001648752539169518
 0.001626856626965267
 0.001605251498828952
 0.001583933293065165
 0.001562898199260587
 0.00154214245760631
 0.001521662358224152
 0.001501454240505407
 0.001481514492454927
 0.001461839550044974
 0.001442425896580612
 0.001423270062068216
 0.001404368622596852
 0.001385718199727215
 0.001367315459885887
 0.001349157113770261
 0.001331239915761007
 0.001313560663340763
 0.001296116196523478
 0.0012789033972882
 0.001261919189022187
 0.00124516053597068
 0.001228624442695114
 0.001212307953537994
 0.001196208152091316
 0.001180322160680536
 0.001164647139845876
 0.001149180287837392
 0.001133918840111381
 0.001118860068840988
 0.001104001282422828
 0.001089339825000479
 0.00107487307598797
 0.001060598449600381
 0.001046513394393767
 0.001032615392808633
 0.001018901960716967
 0.001005370646983916
 0.0009920190330237055
 0.0009788447323724192
 0.0009658453902559039
 0.0009530186831758769
 0.0009403623184880416
 0.000927874033996634
 0.0009155515975476369
 0.0009033928066308761
 0.0008913954879856689
 0.0008795574972135789
 0.0008678767183947222
 0.0008563510637085159
 0.0008449784730615306
 0.0008337569137184531
 0.0008226843799401529
 0.0008117588926244146
 0.0008009784989502222
 0.0007903412720327019
 0.0007798453105758441
 0.0007694887385332194
 0.0007592697047726915
 0.0007491863827464584
 0.0007392369701624268
 0.0007294196886658
 0.0007197327835157807
 0.0007101745232773737
 0.0007007431995096347
 0.0006914371264579167
 0.0006822546407572183
 0.0006731941011319797
 0.0006642538881020954
 0.0006554324036955883
 0.0006467280711621726
 0.0006381393346908126
 0.0006296646591321675
 0.0006213025297245878
 0.0006130514518223329
 0.0006049099506291178
 0.0005968765709347679
 0.0005889498768540946
 0.0005811284515706561
 0.0005734108970849583
 0.0005657958339631008
 0.000558281901088975
 0.0005508677554240116
 0.0005435520717655962
 0.0005363335425090376
 0.0005292108774157533
 0.0005221828033823428
 0.0005152480642114377
 0.0005084054203896571
 0.0005016536488633427
 0.0004949915428218432
 0.0004884179114825749
 0.0004819315798747503
 0.0004755313886333212
 0.000469216193789368
 0.0004629848665658187
 0.0004568362931753889
 0.0004507693746242936
 0.0004447830265124075
 0.0004388761788400863
 0.0004330477758194284
 0.0004272967756824286
 0.000421622150496237
 0.0004160228859797499
 0.0004104979813206455
 0.0004050464489990802
 0.0003996673146087204
 0.0003943596166844365
 0.0003891224065286636
 0.0003839547480426475
 0.0003788557175625762
 0.0003738244036859406
 0.0003688599071187681
 0.0003639613405059805
 0.0003591278282795152
 0.0003543585064984534
 0.0003496525226944769
 0.000345009035721322
 0.0003404272156024568
 0.0003359062433845317
 0.0003314453109899418
 0.000327043621072054
 0.0003227003868735423
 0.0003184148320856117
 0.0003141861907094423
 0.0003100137069176334
 0.0003058966349214209
 0.0003018342388361184
 0.0002978257925496663
 0.0002938705795934027
 0.0002899678930132765
 0.0002861170352428388
 0.0002823173179815619
 0.000278568062068274
 0.0002748685973616993
 0.0002712182626201098
 0.0002676164053831975
 0.000264062381855279
 0.0002605555567916085
 0.0002570953033824708
 0.0002536810031426029
 0.0002503120458010599
 0.0002469878291906369
 0.0002437077591417314
 0.0002404712493739858
 0.0002372777213959232
 0.0002341266043961454
 0.0002310173351447453
 0.0002279493578916103
 0.0002249221242669464
 0.0002219350931822461
 0.0002189877307379184
 0.0002160795101220359
 0.0002132099115206287
 0.0002103784220204297
 0.0002075845355231642
 0.0002048277526491837
 0.0002021075806513117
 0.0001994235333278027
 0.0001967751309317478
 0.000194161900087586
 0.0001915833737071715
 0.0001890390909058404
 0.0001865285969184782
 0.0001840514430195839
 0.0001816071864433333
 0.0001791953903040877
 0.0001768156235173457
 0.000174467460724248
 0.0001721504822147502
 0.0001698642738521272
 0.0001676084270001432
 0.0001653825384488883
 0.0001631862103432802
 0.0001610190501124542
 0.0001588806703982648
 0.000156770688987784
 0.0001546887287422472
 0.000152634417533104
 0.0001506073881736292
 0.0001486072783514203
 0.0001466337305684462
 0.0001446863920726571
 0.0001427649147971444
 0.0001408689552979681
 0.0001389981746910962
 0.0001371522385937851
 0.000135330817063295
 0.0001335335845391583
 0.0001317602197841161
 0.0001300104058286067
 0.0001282838299094813
 0.0001265801834198221
 0.0001248991618498785
 0.0001232404647346641
 0.0001216037955980021
 0.0001199888619032308
 0.0001183953749959166
 0.0001168230500572243
 0.0001152716060506265
 0.0001137407656699452
 0.0001122302552940546
 0.0001107398049335906
 0.0001092691481878738
 0.0001078180221898428
 0.0001063861675656419
 0.0001049733283871035
 0.0001035792521224543
 0.0001022036895954592
 0.0001008463949383476
 9.950712554784857e-05
 9.818564204300273e-05
 9.688170822341746e-05
 9.559509102263775e-05
 9.432556047217489e-05
 9.307288965620941e-05
 9.183685467206715e-05
 9.061723459069526e-05
 8.941381141802651e-05
 8.822637005412304e-05
 8.705469825720513e-05
 8.589858660057459e-05
 8.475782844286073e-05
 8.363221988449965e-05
 8.252155973442754e-05
 8.142564947366537e-05
 8.034429321934766e-05
 7.927729768963943e-05
 7.82244721699854e-05
 7.718562847891519e-05
 7.616058093340428e-05
 7.514914631734371e-05
 7.415114384601296e-05
 7.316639513677003e-05
 7.219472417663297e-05
 7.123595728897314e-05
 7.028992310376125e-05
 6.935645252736933e-05
 6.843537871059624e-05
 6.75265370211342e-05
 6.662976501381479e-05
 6.574490239863451e-05
 6.48717910158858e-05
 6.401027480551491e-05
