# Created by Octave 4.2.2, Mon Apr 27 13:49:12 2020 UTC <www-data@os-webtech1-4>
# name: output1
# type: matrix
# rows: 401
# columns: 1
 -4.996485558556161
 -4.996532231358477
 -4.996578284332433
 -4.996623725709529
 -4.996668563611949
 -4.996712806054012
 -4.996756460943603
 -4.99679953608359
 -4.996842039173217
 -4.996883977809477
 -4.996925359488476
 -4.996966191606768
 -4.997006481462678
 -4.997046236257608
 -4.997085463097323
 -4.997124168993222
 -4.99716236086359
 -4.997200045534835
 -4.997237229742709
 -4.99727392013351
 -4.997310123265273
 -4.997345845608939
 -4.997381093549515
 -4.997415873387209
 -4.997450191338565
 -4.997484053537567
 -4.99751746603674
 -4.997550434808227
 -4.99758296574486
 -4.997615064661215
 -4.997646737294644
 -4.997677989306309
 -4.99770882628219
 -4.997739253734083
 -4.997769277100584
 -4.997798901748065
 -4.99782813297163
 -4.997856975996063
 -4.997885435976761
 -4.997913518000657
 -4.997941227087126
 -4.997968568188885
 -4.997995546192878
 -4.998022165921149
 -4.998048432131703
 -4.998074349519358
 -4.998099922716584
 -4.998125156294329
 -4.998150054762839
 -4.998174622572462
 -4.998198864114443
 -4.99822278372171
 -4.998246385669652
 -4.998269674176875
 -4.998292653405964
 -4.998315327464222
 -4.998337700404406
 -4.998359776225452
 -4.998381558873187
 -4.998403052241039
 -4.998424260170728
 -4.998445186452956
 -4.998465834828083
 -4.998486208986796
 -4.998506312570768
 -4.998526149173311
 -4.998545722340015
 -4.998565035569386
 -4.998584092313465
 -4.998602895978452
 -4.998621449925312
 -4.998639757470372
 -4.998657821885922
 -4.998675646400789
 -4.998693234200926
 -4.998710588429975
 -4.998727712189824
 -4.998744608541174
 -4.998761280504074
 -4.998777731058469
 -4.998793963144728
 -4.998809979664169
 -4.998825783479584
 -4.998841377415745
 -4.998856764259907
 -4.998871946762313
 -4.998886927636682
 -4.998901709560691
 -4.99891629517646
 -4.998930687091018
 -4.998944887876774
 -4.998958900071973
 -4.998972726181155
 -4.998986368675594
 -4.998999829993748
 -4.999013112541689
 -4.99902621869354
 -4.999039150791891
 -4.999051911148222
 -4.999064502043318
 -4.999076925727673
 -4.999089184421894
 -4.999101280317098
 -4.999113215575304
 -4.999124992329818
 -4.999136612685613
 -4.999148078719712
 -4.999159392481549
 -4.999170555993347
 -4.999181571250467
 -4.999192440221777
 -4.999203164849994
 -4.999213747052035
 -4.999224188719363
 -4.999234491718317
 -4.999244657890456
 -4.999254689052878
 -4.999264586998551
 -4.999274353496634
 -4.999283990292788
 -4.999293499109493
 -4.999302881646353
 -4.999312139580399
 -4.999321274566395
 -4.999330288237124
 -4.999339182203691
 -4.999347958055801
 -4.999356617362048
 -4.999365161670196
 -4.999373592507451
 -4.999381911380741
 -4.99939011977698
 -4.999398219163335
 -4.999406210987488
 -4.999414096677897
 -4.999421877644049
 -4.999429555276713
 -4.999437130948186
 -4.999444606012544
 -4.999451981805877
 -4.999459259646534
 -4.999466440835356
 -4.999473526655906
 -4.999480518374703
 -4.999487417241445
 -4.999494224489235
 -4.999500941334798
 -4.999507568978703
 -4.999514108605573
 -4.999520561384301
 -4.999526928468255
 -4.999533210995486
 -4.999539410088932
 -4.999545526856618
 -4.999551562391854
 -4.999557517773431
 -4.999563394065811
 -4.999569192319324
 -4.999574913570347
 -4.999580558841497
 -4.999586129141808
 -4.999591625466913
 -4.999597048799227
 -4.999602400108112
 -4.999607680350064
 -4.999612890468869
 -4.999618031395785
 -4.9996231040497
 -4.999628109337299
 -4.999633048153225
 -4.999637921380242
 -4.999642729889391
 -4.999647474540143
 -4.999652156180556
 -4.999656775647425
 -4.999661333766434
 -4.999665831352299
 -4.999670269208918
 -4.999674648129514
 -4.999678968896774
 -4.99968323228299
 -4.9996874390502
 -4.999691589950321
 -4.999695685725284
 -4.999699727107166
 -4.999703714818325
 -4.999707649571522
 -4.999711532070054
 -4.99971536300788
 -4.999719143069739
 -4.999722872931279
 -4.999726553259177
 -4.999730184711251
 -4.999733767936588
 -4.999737303575653
 -4.999740792260405
 -4.99974423461441
 -4.999747631252956
 -4.999750982783156
 -4.999754289804062
 -4.999757552906771
 -4.999760772674529
 -4.999763949682836
 -4.999767084499552
 -4.999770177684991
 -4.99977322979203
 -4.999776241366202
 -4.999779212945795
 -4.99978214506195
 -4.99978503823875
 -4.999787892993323
 -4.999790709835927
 -4.999793489270044
 -4.999796231792468
 -4.999798937893399
 -4.999801608056524
 -4.999804242759108
 -4.999806842472077
 -4.999809407660102
 -4.999811938781687
 -4.999814436289243
 -4.999816900629173
 -4.999819332241954
 -4.999821731562212
 -4.999824099018801
 -4.999826435034878
 -4.999828740027984
 -4.999831014410113
 -4.999833258587786
 -4.99983547296213
 -4.99983765792894
 -4.999839813878756
 -4.999841941196933
 -4.999844040263707
 -4.999846111454265
 -4.999848155138811
 -4.999850171682634
 -4.99985216144617
 -4.999854124785069
 -4.999856062050257
 -4.999857973588001
 -4.999859859739969
 -4.999861720843291
 -4.999863557230621
 -4.999865369230195
 -4.999867157165888
 -4.999868921357277
 -4.999870662119692
 -4.999872379764277
 -4.999874074598043
 -4.999875746923924
 -4.999877397040833
 -4.999879025243711
 -4.999880631823582
 -4.999882217067606
 -4.99988378125913
 -4.999885324677736
 -4.999886847599295
 -4.999888350296013
 -4.999889833036483
 -4.999891296085729
 -4.999892739705257
 -4.999894164153099
 -4.99989556968386
 -4.999896956548763
 -4.9998983249957
 -4.999899675269263
 -4.999901007610802
 -4.999902322258459
 -4.999903619447212
 -4.999904899408923
 -4.999906162372372
 -4.999907408563298
 -4.999908638204448
 -4.999909851515606
 -4.99991104871364
 -4.999912230012536
 -4.999913395623441
 -4.999914545754693
 -4.99991568061187
 -4.999916800397814
 -4.999917905312675
 -4.999918995553946
 -4.999920071316497
 -4.999921132792609
 -4.999922180172011
 -4.99992321364191
 -4.999924233387029
 -4.999925239589636
 -4.999926232429581
 -4.999927212084324
 -4.999928178728966
 -4.999929132536288
 -4.999930073676771
 -4.999931002318637
 -4.999931918627868
 -4.999932822768248
 -4.99993371490138
 -4.999934595186726
 -4.999935463781627
 -4.999936320841335
 -4.999937166519041
 -4.999938000965902
 -4.999938824331068
 -4.999939636761704
 -4.999940438403026
 -4.999941229398319
 -4.999942009888964
 -4.999942780014467
 -4.99994353991248
 -4.999944289718827
 -4.999945029567527
 -4.999945759590823
 -4.999946479919198
 -4.999947190681402
 -4.999947892004478
 -4.999948584013779
 -4.999949266832997
 -4.999949940584177
 -4.999950605387745
 -4.99995126136253
 -4.999951908625779
 -4.999952547293185
 -4.999953177478902
 -4.99995379929557
 -4.999954412854332
 -4.999955018264855
 -4.999955615635352
 -4.999956205072594
 -4.999956786681938
 -4.999957360567342
 -4.999957926831382
 -4.99995848557527
 -4.999959036898878
 -4.999959580900748
 -4.999960117678115
 -4.999960647326923
 -4.999961169941841
 -4.999961685616282
 -4.999962194442416
 -4.999962696511191
 -4.999963191912348
 -4.999963680734433
 -4.999964163064819
 -4.999964638989717
 -4.999965108594195
 -4.99996557196219
 -4.999966029176522
 -4.999966480318916
 -4.999966925470008
 -4.999967364709364
 -4.999967798115494
 -4.999968225765865
 -4.999968647736914
 -4.999969064104065
 -4.99996947494174
 -4.999969880323372
 -4.999970280321418
 -4.999970675007374
 -4.999971064451786
 -4.999971448724262
 -4.999971827893488
 -4.999972202027238
 -4.999972571192383
 -4.999972935454907
 -4.999973294879919
 -4.999973649531664
 -4.999973999473529
 -4.999974344768066
 -4.999974685476992
 -4.999975021661203
 -4.99997535338079
 -4.999975680695046
 -4.999976003662473
 -4.999976322340799
 -4.999976636786984
 -4.999976947057232
 -4.999977253207001
 -4.999977555291013
 -4.999977853363261
 -4.999978147477023
 -4.999978437684869
 -4.99997872403867
 -4.999979006589611
 -4.999979285388193
 -4.999979560484249
 -4.999979831926949
 -4.999980099764811
 -4.999980364045709
 -4.99998062481688
 -4.999980882124934
 -4.999981136015863
 -4.999981386535046
 -4.999981633727261
 -4.999981877636692
