# Created by Octave 4.2.2, Mon Apr 27 13:49:12 2020 UTC <www-data@os-webtech1-4>
# name: output2
# type: matrix
# rows: 401
# columns: 1
 -0.01677822964748454
 -0.01655540988854032
 -0.01633554924066161
 -0.01611860840599455
 -0.01590454860857271
 -0.01569333158738395
 -0.01548491958953502
 -0.01527927536350404
 -0.01507636215247476
 -0.01487614368777646
 -0.01467858418239576
 -0.01448364832458005
 -0.01429130127152956
 -0.01410150864316506
 -0.01391423651598522
 -0.01372945141700299
 -0.01354712031776195
 -0.01336721062843349
 -0.01318969019199123
 -0.01301452727846186
 -0.01284169057925766
 -0.01267114920157919
 -0.01250287266288819
 -0.01233683088546655
 -0.01217299419103579
 -0.01201133329545545
 -0.011851819303482
 -0.01169442370361473
 -0.01153911836299226
 -0.01138587552236281
 -0.0112346677911308
 -0.01108546814245059
 -0.01093824990840453
 -0.01079298677523077
 -0.0106496527786204
 -0.01050822229908377
 -0.01036867005735864
 -0.01023097110990445
 -0.01009510084443299
 -0.009961034975518146
 -0.009828749540248261
 -0.009698220893950449
 -0.009569425705956647
 -0.009442340955437167
 -0.009316943927284882
 -0.009193212208058021
 -0.009071123681971827
 -0.008950656526942602
 -0.008831789210692165
 -0.008714500486899368
 -0.008598769391396921
 -0.008484575238429493
 -0.008371897616952673
 -0.008260716386990552
 -0.008151011676027942
 -0.008042763875464765
 -0.007935953637106863
 -0.007830561869711872
 -0.007726569735573285
 -0.007623958647156925
 -0.007522710263773824
 -0.007422806488304623
 -0.007324229463966603
 -0.007226961571119794
 -0.007130985424118386
 -0.007036283868202986
 -0.006942839976433746
 -0.006850637046664332
 -0.006759658598562091
 -0.0066698883706513
 -0.006581310317420375
 -0.006493908606443277
 -0.006407667615552448
 -0.006322571930049925
 -0.006238606339945996
 -0.006155755837244037
 -0.006074005613264433
 -0.005993341055982704
 -0.005913747747431586
 -0.00583521146111643
 -0.005757718159475012
 -0.005681253991371094
 -0.005605805289608412
 -0.005531358568502398
 -0.005457900521457226
 -0.005385418018596155
 -0.005313898104406078
 -0.005243327995434477
 -0.005173695077989038
 -0.005104986905895892
 -0.005037191198267621
 -0.004970295837312122
 -0.004904288866163675
 -0.004839158486747763
 -0.004774893057671648
 -0.004711481092145142
 -0.004648911255922705
 -0.004587172365284609
 -0.004526253385030543
 -0.00446614342651408
 -0.004406831745691342
 -0.004348307741201651
 -0.004290560952478373
 -0.004233581057866864
 -0.004177357872791276
 -0.004121881347929346
 -0.004067141567418275
 -0.004013128747079264
 -0.003959833232668686
 -0.003907245498155909
 -0.003855356144018884
 -0.003804155895564598
 -0.003753635601267291
 -0.003703786231140427
 -0.003654598875116655
 -0.003606064741454418
 -0.003558175155172982
 -0.003510921556495461
 -0.003464295499321146
 -0.003418288649719159
 -0.003372892784430093
 -0.003328099789405847
 -0.003283901658355681
 -0.003240290491312692
 -0.003197258493226052
 -0.003154797972562129
 -0.003112901339934027
 -0.003071561106745335
 -0.003030769883851647
 -0.002990520380236283
 -0.002950805401708223
 -0.002911617849620463
 -0.002872950719598144
 -0.002834797100283559
 -0.00279715017210691
 -0.0027600032060624
 -0.002723349562505639
 -0.002687182689974144
 -0.00265149612400517
 -0.002616283485989079
 -0.002581538482026247
 -0.00254725490179819
 -0.002513426617463566
 -0.002480047582563927
 -0.002447111830933935
 -0.002414613475645311
 -0.002382546707945465
 -0.002350905796226321
 -0.00231968508499758
 -0.002288878993875088
 -0.002258482016582519
 -0.002228488719969945
 -0.002198893743039498
 -0.002169691795993245
 -0.002140877659277507
 -0.002112446182660044
 -0.002084392284302794
 -0.00205671094985771
 -0.002029397231567032
 -0.002002446247381329
 -0.001975853180087306
 -0.001949613276445383
 -0.001923721846338822
 -0.001898174261937946
 -0.001872965956871475
 -0.00184809242541295
 -0.001823549221669829
 -0.001799331958795669
 -0.001775436308199652
 -0.001751857998779194
 -0.001728592816150787
 -0.001705636601898597
 -0.001682985252834612
 -0.001660634720259679
 -0.00163858100924319
 -0.001616820177909872
 -0.001595348336731028
 -0.001574161647836192
 -0.001553256324317687
 -0.001532628629561827
 -0.001512274876579234
 -0.001492191427343137
 -0.001472374692141898
 -0.001452821128933302
 -0.001433527242720167
 -0.001414489584914413
 -0.001395704752728655
 -0.001377169388566912
 -0.001358880179419764
 -0.001340833856278145
 -0.001323027193546267
 -0.001305457008460742
 -0.001288120160533701
 -0.001271013550979028
 -0.001254134122162576
 -0.001237478857059493
 -0.001221044778712432
 -0.001204828949692427
 -0.001188828471589964
 -0.001173040484479415
 -0.001157462166418988
 -0.001142090732943579
 -0.001126923436566507
 -0.00111195756628657
 -0.001097190447107543
 -0.001082619439555899
 -0.001068241939213621
 -0.001054055376248364
 -0.001040057214955148
 -0.001026244953307831
 -0.001012616122502585
 -0.0009991682865262419
 -0.0009858990417148661
 -0.0009728060163247676
 -0.0009598868701115038
 -0.0009471392939106593
 -0.0009345610092195145
 -0.0009221497678009172
 -0.0009099033512702803
 -0.0008978195707047831
 -0.0008858962662507963
 -0.0008741313067419654
 -0.0008625225893084121
 -0.000851068039010805
 -0.0008397656084673244
 -0.0008286132774806276
 -0.0008176090526861302
 -0.0008067509671905171
 -0.0007960370802218009
 -0.0007854654767802671
 -0.0007750342673000787
 -0.0007647415873099916
 -0.0007545855970976234
 -0.0007445644813808272
 -0.0007346764489906121
 -0.0007249197325407408
 -0.0007152925881159788
 -0.0007057932949612322
 -0.0006964201551786786
 -0.0006871714934115758
 -0.0006780456565564918
 -0.0006690410134648772
 -0.0006601559546455249
 -0.0006513888919865707
 -0.0006427382584641705
 -0.0006342025078636127
 -0.0006257801145101993
 -0.0006174695729841417
 -0.0006092693978612118
 -0.0006011781234436242
 -0.0005931943035006881
 -0.0005853165110005776
 -0.0005775433378714112
 -0.0005698733947374635
 -0.0005623053106740272
 -0.0005548377329631649
 -0.0005474693268512354
 -0.0005401987753126392
 -0.0005330247788082332
 -0.0005259460550588457
 -0.0005189613388152381
 -0.0005120693816298427
 -0.000505268951636495
 -0.0004985588333266122
 -0.0004919378273360309
 -0.0004854047502256265
 -0.0004789584342752562
 -0.0004725977272714843
 -0.0004663214923024128
 -0.0004601286075569533
 -0.0004540179661161048
 -0.0004479884757673247
 -0.0004420390588011358
 -0.0004361686518175034
 -0.0004303762055437588
 -0.0004246606846365353
 -0.0004190210675067974
 -0.0004134563461279939
 -0.0004079655258655279
 -0.0004025476252893512
 -0.0003972016760043218
 -0.0003919267224778977
 -0.0003867218218642776
 -0.0003815860438418639
 -0.0003765184704409563
 -0.0003715181958865443
 -0.000366584326428665
 -0.0003617159801896364
 -0.0003569122870015207
 -0.000352172388254246
 -0.000347495436734846
 -0.0003428805964924564
 -0.000338327042666009
 -0.0003338339613554453
 -0.0003294005494680619
 -0.0003250260145790662
 -0.0003207095747814748
 -0.0003164504585573269
 -0.0003122479046320237
 -0.0003081011618419893
 -0.0003040094890023326
 -0.0002999721547647383
 -0.000295988437497563
 -0.000292057625149944
 -0.0002881790151318953
 -0.000284351914180192
 -0.0002805756382402436
 -0.000276849512341748
 -0.0002731728704752356
 -0.0002695450554801582
 -0.0002659654189214322
 -0.0002624333209748642
 -0.0002589481303125751
 -0.0002555092239946433
 -0.0002521159873518641
 -0.0002487678138756166
 -0.0002454641051148343
 -0.0002422042705667593
 -0.0002389877275659202
 -0.000235813901189097
 -0.000232682224147851
 -0.0002295921366863851
 -0.0002265430864838436
 -0.0002235345285521717
 -0.0002205659251437453
 -0.0002176367456492301
 -0.0002147464665096521
 -0.0002118945711151454
 -0.0002090805497187986
 -0.0002063038993442845
 -0.000203564123691713
 -0.0002008607330541423
 -0.0001981932442305379
 -0.0001955611804307367
 -0.0001929640712043934
 -0.0001904014523406161
 -0.0001878728657986883
 -0.0001853778596219158
 -0.0001829159878488085
